-1.864     -4.8416
   -20.9292    -9.47173
    1.15932    0.990804
   -22.1202    -2.90448
   -32.8103    0.562495
    -12.189    -13.7907
    3.33016     -15.503
   -14.2344    0.455607
   -5.43988    -5.93213
   -6.79562    -15.5578
    14.7941     3.11737
    26.5424     11.3309
    11.3248     5.08252
    13.9735     7.15535
       13.2     8.41848
    3.42118    -2.87045
    17.1697      7.5185
   -10.8733    -2.56631
   -6.64098     4.86544
   -41.5079      -7.436
   -6.77507    -5.38133
    1.44871      5.9759
  -0.626926    -11.9579
   -12.3851    -2.52388
   -15.8954    -6.20311
    19.7859     5.74125
    9.63084     7.28731
    7.25597    -1.73806
    36.7162     20.2731
    3.89205    -3.33212
    15.8748     2.18895
   -9.35906    -5.32325
    9.02139     -2.9325
    2.54435     -2.2185
   -19.3211    -10.1304
    12.9274     4.17332
   -6.77926    -3.64841
     25.051     3.80558
    11.2096     2.97453
    2.99577    -7.97759
    -21.709     6.32058
   -11.5915    -6.84842
    10.9295     6.90238
    5.18383     6.80325
    10.2447     1.66307
   -28.5588    -4.28446
     13.775     2.31283
    -15.018     -15.211
   0.690543     5.48328
   -3.41666    -3.48858
  -0.691908    -9.81391
    33.8766     10.4535
    4.12838      -9.865
    -3.0302     4.32065
    10.4162     9.12836
    23.4273     1.47747
    7.32013     3.28897
   -5.64441    -6.72179
    5.39036     7.81179
    33.8567     13.0911
    22.2633     -4.1207
    11.5601      3.9989
    -11.585    -2.16424
    2.49996     8.13623
   -12.7554     6.25856
   -19.3649     1.81609
   -9.55084     1.46058
   -1.73796     4.82496
   -13.6127     1.93081
   -3.68125    -6.08665
  -0.770266 0.000768858
    14.8316     2.53456
   -9.40888     -4.6253
    7.98209     13.0189
   -31.1829    -10.8642
    3.89312     11.9074
     8.9612    0.666675
  -0.593152    -7.63288
    45.9323     8.64127
   -5.05765    -8.07403
   -2.07725    -3.98935
    1.34975    -6.68142
    16.3251    -10.6713
   -5.83643    -7.90465
   -2.31475    0.134696
    9.78974     6.49304
    11.2255    0.237754
   -25.7936    -8.50955
    20.3778     2.18428
    10.6081    0.735942
    11.5211    -6.37374
    1.66361     1.93014
  -0.272077     2.32437
   -16.5262     6.25219
   -8.13585    0.525955
   -13.3903    0.455005
    1.36359    -1.20965
   -12.4242    -5.83216
   -28.5826     4.99125
   -1.89618     2.31119
    20.0021    -6.08037
   -16.8702    -2.63642
    -35.621    -8.13428
   -1.14223     9.83023
   -40.4579     4.97256
   -33.3206    -8.95773
     8.3316    -7.63916
   -36.9627     7.48945
   -35.8395     7.86874
   -15.9147      1.5037
    5.06599     -4.6811
    1.99439    0.185047
     14.911    -14.7321
    -10.757   -0.801096
    16.2151   -0.609496
   -17.1629    -10.6473
   -12.9645    0.657552
   0.277913     5.91278
   -19.1569     7.61896
    19.1519    -3.87457
   -26.9815     2.39403
   -26.5042     5.47477
     18.005    -15.4095
    12.9475     10.9239
   -12.3413    -10.6633
     -10.83    -2.01863
   -9.49746      1.7339
   -13.2938       3.221
   -7.11786     7.20941
   -11.8094    -11.2126
    17.0728    -7.46988
    10.9739    0.759481
    27.5372    -6.85789
    18.9556     4.45917
   0.148228    -7.96847
    12.3925     5.50569
    27.0711     6.30451
   0.138098    -8.06754
   -24.5076    -16.4731
    27.2651     12.8172
   -21.6885    -11.5954
   -24.7893    -3.85854
    19.1708      28.332
   -11.7384     9.04168
   -9.45969      16.797
    4.72691    -7.14889
    25.4172    -7.75777
    16.6684    -7.77861
    8.27123     27.9807
    6.76617    -19.5706
    35.2655     30.9846
    -5.0265     9.64039
   -39.2009    -15.9352
   -43.4429    -3.91859
    24.6656      15.325
   -17.1636    -2.12559
    6.76521     1.02228
   -8.37926    -6.11857
   -10.1704    -6.21609
   -15.5004     5.12383
   -6.66009     12.8002
   -1.92435     19.3959
   -34.8641    -17.7963
   -11.6103    0.565167
    17.1572     14.1521
     1.0212    -2.22411
   -24.6057     2.93918
    14.4317      8.7677
  -0.789415     10.9532
   -12.2595    -2.49165
   -4.06035    -3.28005
   -32.1335     5.98578
    1.05946     1.08972
    18.2829     -10.553
    15.3583    -1.16993
    7.92001     2.29719
    9.68684    -20.9262
    20.1867     1.72826
    50.4244     34.2191
    30.2306     -11.155
   -10.3143     -24.184
     28.503     9.93876
    45.6535      13.311
    9.19291     2.77941
    -24.932    -9.26163
    25.1172     37.2986
    25.5703     12.3209
   0.013826     12.4381
   -21.3722     7.96554
   -81.9593    -19.8488
   0.323464     4.97622
    26.2708    -26.7871
   -22.0923     2.62823
   0.159758    -0.81541
    5.17368      -17.18
    35.1696     6.50789
   -14.3828     5.59012
    -7.1946     -1.9274
   -14.2804     1.13071
   -43.1247    -19.0556
   -18.6617    -3.48741
   -12.6562    -3.67203
    15.6664   -0.773914
   -26.7385    -2.97202
   -19.4584    -3.46759
    34.2276     17.4077
    -5.4376    -6.00755
   -9.08016    -4.00833
    14.5842    0.813223
    2.43349    0.984002
   -15.3333     9.98524
   -16.2162    -14.7799
     -33.88     3.59447
    33.8523    -1.03653
   -41.1693      1.0621
   -30.5102    -16.4668
   -8.08942     7.38167
    -35.774    -10.5114
   -27.8149    -3.49034
   -25.8095    -10.9059
   -17.4548    -14.1325
   -19.2352      1.7895
    31.3479     6.37953
   -30.2233    -9.72241
    -8.2881   -0.485431
   -15.2561    -4.05815
    43.8515     7.55079
     22.263     15.9488
    27.5343    0.484965
    11.5444    -3.51256
    1.84941     3.71216
    68.3597     12.2241
   -12.5075    0.308355
    12.7261    -2.05859
    9.35786  0.00876268
    13.4408    -4.81222
    -7.2698     5.53202
   -7.17041    -10.7115
   -25.6144    -3.15804
   -25.8837    -10.9041
    15.6031     6.25763
   -32.4615     1.44739
   -1.31044     5.72382
   -16.8987    -9.18957
   -7.86927    -4.84651
   -16.0967      1.5703
   -9.48554    0.830893
   0.122515    -10.5989
    37.1476     7.06818
   -12.4862    -5.48464
    23.4798     8.92428
    30.5059     5.91191
   -21.1061    -5.60324
    5.38077    -4.25647
    10.7999     2.56147
   -8.91526     14.7376
    16.6016    -7.18655
  -0.886508     7.41126
   -13.0682    -10.7206
    0.75781      12.097
    34.8059     6.65642
    9.22715     1.12433
 -0.0871371     3.23321
    13.8299    -2.49648
    7.62584    -2.36236
   -25.5819    -5.90951
    30.7236   -0.815522
    1.40773    -7.08007
    23.4208    -3.75806
   -20.4279   -0.977298
   -23.1328     2.98466
   -16.5984    -5.08277
    15.8269     1.51701
    -16.969    -4.26093
   -31.4877     4.33321
   -1.55794     11.4417
    19.7325     1.36385
   -22.2162    -2.14661
    2.72864     5.98023
    2.27057    -3.47668
   -27.8611     9.57866
   -44.7371      10.234
   -7.25619     2.00515
   -25.4766    0.993242
    22.7658    -6.99874
    14.1373     5.02295
   -14.8284    -2.53234
    25.6639    -8.44868
    -7.3946      -4.015
    6.80837     5.36709
   -8.52942     5.49463
    17.9201    -12.7736
     14.507    -8.19246
   -51.7852     12.2125
   -33.6529     3.76279
    21.4536     1.21353
    -26.116     12.4211
     19.219    -9.80328
   -9.88543    0.510954
   -12.7336     7.19849
   -13.3896     6.24448
   -23.9844   -0.897032
   -21.8363     11.1366
    25.8946    -8.90138
    -44.309     14.6691
    11.0235    0.232881
    11.9953     1.45279
    9.09615    -11.5629
    -55.604     14.6462
   0.371808    -1.12458
   -72.2292     29.3706
    -24.176    -2.33698
    5.83382   -0.692043
    27.3674     13.6097
   -6.92528     7.61153
   -1.40549    -12.7272
   -54.1617     15.3759
    61.7146    -3.75525
   -20.9433     1.43805
    43.8394    -21.3899
    36.7977     -8.2301
   -29.6393     4.62802
   0.264799   -0.461448
    22.7795     -13.796
   -39.1259     9.28341
    -3.2228       18.22
   -46.1544     6.25916
    24.0484   -0.200185
   -27.8434     4.15945
   -8.16787   -0.935645
    20.5342    -5.11706
   -26.6626     4.95313
   -28.8491   -0.378563
     7.6402     12.4611
    -26.745    -4.20192
    -16.303     15.0295
   -31.1956     6.85464
    17.3655    -4.49199
   -49.9193    -3.87738
  -0.880865     3.56196
   -11.9602     17.0487
    24.3519     2.05738
    29.1857    -2.50522
   -23.3431     4.48367
    -19.106     12.3594
    2.15677     11.9613
   -11.2558   -0.907897
   -25.3231     6.17736
    -26.069    -1.41193
   -13.3756    -2.31573
    -26.408  -0.0692369
     35.182    -6.98456
    13.4654    -1.67116
   -23.9519      2.5343
   -31.0933      5.0251
   -16.2092     11.3864
   -4.13615     5.95204
    5.41244    -10.3287
    -40.538     1.27584
    8.35394     -1.5429
   -10.1069     5.90705
   -69.2388     18.0733
   -2.69076    -3.21222
    33.1016    -16.3583
    23.3827    -13.4971
   -28.1112     18.6479
   -23.3905     12.2976
   -26.0909     11.0803
   -3.83277     4.72654
   -14.5011     7.55622
    8.28762    -16.8732
    -19.591     15.8239
   -2.00114    -2.91837
   -22.2621     15.9764
    5.18159   -0.732552
   -19.2103     5.95224
    19.4564    -7.10921
    -20.824     15.9783
   -18.2714     5.40197
   -3.29974     2.09276
     48.908    -11.0213
    7.05386    -13.9804
    32.5931     -13.815
    6.18937    -8.22744
    2.40479     3.28663
   -29.3103     15.8489
    39.3692    -26.1673
   -5.89556     9.21792
   -21.9427     8.82674
    4.79575     4.73343
   -2.47486    -10.9508
    25.0829      -18.48
    18.7539    -4.92196
   -26.6998      12.355
    15.7014     5.80643
      18.63    -8.42191
    12.9226     -17.168
     8.4985    0.140428
    8.70901    -5.78747
   -17.0597     8.79334
   -18.3477      2.4063
   -18.3316     6.60048
   -15.1903     14.8329
   -8.45942    -5.90428
    10.1529     2.82282
   -9.84813     1.84038
    14.1494    -11.4009
   -6.07811    -0.24425
     5.8735     -1.8278
     11.494     -4.7725
   -13.5492     3.19357
   -12.8409     6.00022
    7.86223    -2.16821
   -14.9589     9.65036
    7.77735    0.110806
   -2.27333     4.13026
    -9.9383    -2.11214
   -9.22962     3.02997
   -27.6325     5.01098
   -4.86818    -2.80952
    4.77202     1.10232
    21.9254    -4.59945
    6.99916     1.78275
    19.3936    -3.70672
    1.00888     9.18558
    6.58345   -0.927748
    7.52731    0.335079
   -2.80313      2.8388
   -5.08673   -0.608915
   -4.23737    -7.22889
   -8.50844    -5.54653
   -1.99665    -8.22627
    1.23795     4.86188
  -0.105171   -0.768358
   -4.61631    -3.14467
   -29.3204     0.39768
    17.6368    -5.89048
    6.53004     3.72005
    8.49775    -3.34605
    23.1754     4.46323
    12.2057    -7.57766
    13.6547    0.591256
    4.14759    -1.01824
   -2.73145    -8.09333
    10.9987    -3.07652
   -5.75917   -0.984259
   -14.3885    -2.34222
   -30.1552    -6.64858
   -10.1478     3.31205
    -10.152    -6.91943
    21.9067    0.562533
    17.3105    -8.75291
   -3.82883    -1.28294
   -20.0469     4.44568
   -11.8883     1.38239
    7.64823     7.86993
   0.202882    -4.61272
    14.1946     6.33185
   -21.5034    -3.12269
     14.569     1.58096
   -13.4394    -3.81985
   -2.58035     14.4295
   -20.0652    -13.1094
    10.3934     5.37629
      14.72      14.124
   -13.8057    -3.86784
    -6.5271    -1.95818
    20.0629    -6.06756
    7.18306     19.6326
    10.9091      4.0025
   -14.7211     1.28923
    18.8901     2.42143
   -21.6299    -5.66428
    12.4055     10.8576
    15.9737    -6.42963
    11.2738    -1.98699
    10.2632     2.09644
    1.39414     -5.5728
  -0.318975    -3.37918
    2.98972     1.90818
    11.0556     1.88085
   -15.7664    -1.42421
    16.8334      3.7328
    9.28409     9.84362
   -31.8126     -14.406
    7.93536     1.07602
    25.2154     11.7346
    4.60241    -11.0658
   -12.2741     -3.8212
    22.0299      2.9024
    17.2804     10.6344
   -6.04035    -3.88369
   -9.76198    -8.10452
    16.2194     3.48828
   -5.61817    -6.44519
   -16.3561    -7.53198
   -9.91083    -9.11716
    31.1245    -3.47736
    -19.419     6.38775
  -0.651312     6.00106